 0     0
 0     1
 0     7
 0     5
 0     6
 0     4
 0     9
 0     3
 0     2
 0     8
 1     1
 1     0
 1     7
 1     6
 1     3
 1     2
 1     4
 1     8
 1     9
 1     5
 2     2
 2     3
 2     9
 2     4
 2     7
 2     6
 2     5
 2     8
 2     1
 2     0
 3     3
 3     9
 3     7
 3     4
 3     2
 3     6
 3     1
 3     0
 3     8
 3     5
 4     4
 4     7
 4     6
 4     9
 4     3
 4     1
 4     2
 4     5
 4     0
 4     8
 5     6
 5     5
 5     2
 5     3
 5     7
 5     9
 5     4
 5     0
 5     8
 5     1
 6     6
 6     1
 6     7
 6     9
 6     5
 6     0
 6     3
 6     8
 6     4
 6     2
 7     7
 7     9
 7     4
 7     0
 7     6
 7     1
 7     5
 7     3
 7     2
 7     8
 8     6
 8     5
 8     8
 8     0
 8     1
 8     7
 8     2
 8     4
 8     9
 8     3
 9     9
 9     3
 9     7
 9     2
 9     4
 9     6
 9     8
 9     1
 9     5
 9     0
